1 0.5703125 0.728125 0.0140625 0.015625
0 0.309375 0.55625 0.2515625 0.2171875
0 0.9953125 0.7890625 0.0046875 0.00625
1 0.346875 0.728125 0.015625 0.015625
0 0.878125 0.7109375 0.05 0.0328125
0 0.5703125 0.7328125 0.0140625 0.0125
1 0.7625 0.728125 0.015625 0.0140625
0 0.8046875 0.7265625 0.0234375 0.0171875
1 0.040625 0.7515625 0.01875 0.0171875
0 0.2734375 0.5328125 0.315625 0.275
0 0.4390625 0.809375 0.0109375 0.0046875
0 0.40625 0.740625 0.0421875 0.03125
0 0.025 0.7578125 0.01875 0.0125
1 0.253125 0.7546875 0.0140625 0.0140625
0 0.3 0.753125 0.0234375 0.0171875
