positives/2021-2-18_20h25min34sec8124.png 1 129 102 102 100
positives/2021-2-18_20h25min46sec9928.png 1 2 125 59 54
positives/2021-2-18_20h26min0sec6325.png 1 112 120 63 46
positives/2021-2-18_20h26min36sec5196.png 1 155 128 58 51
positives/2021-2-18_20h28min8sec439.png 1 149 63 121 122
positives/2021-2-18_21h0min14sec9213.png 1 210 88 61 59
positives/2021-2-18_21h0min15sec6346.png 1 133 82 69 69
positives/2021-2-18_21h0min29sec6333.png 1 40 101 41 41
positives/2021-2-18_21h0min33sec2476.png 1 127 125 58 59
positives/2021-2-18_21h0min47sec831.png 1 120 103 67 67
positives/2021-2-18_21h0min59sec2796.png 1 42 66 43 42
positives/2021-2-18_21h1min2sec4805.png 2 229 111 51 48 34 114 58 55
positives/2021-2-18_21h1min16sec4366.png 1 175 135 45 44
positives/2021-2-18_21h1min29sec9345.png 1 25 162 86 85
positives/2021-2-18_21h1min38sec6282.png 1 223 21 39 38
positives/2021-2-18_21h2min35sec5729.png 1 77 112 82 81
positives/2021-2-18_21h52min43sec2529.png 1 157 130 55 55
positives/2021-2-18_21h52min49sec3197.png 3 71 149 80 80 130 176 90 94 158 90 56 55
positives/2021-2-18_21h53min25sec7316.png 1 144 119 96 95
positives/2021-2-18_21h53min31sec8813.png 1 14 80 133 127
positives/2021-2-18_21h53min37sec8672.png 1 116 198 77 80
positives/2021-2-18_21h53min39sec1103.png 1 82 132 58 57
positives/2021-2-18_21h54min43sec6092.png 1 109 52 78 81
positives/2021-2-18_21h55min29sec6204.png 1 175 119 65 65
positives/2021-2-18_21h55min53sec2167.png 1 56 119 67 66
positives/2021-2-18_21h56min48sec343.png 1 137 195 44 45
positives/2021-2-18_21h57min1sec4457.png 1 130 110 91 91
positives/2021-2-18_21h57min23sec9932.png 1 97 156 108 110
positives/2021-2-18_21h57min33sec6520.png 1 143 51 63 65
positives/2021-2-18_21h57min42sec2956.png 1 116 204 70 69
positives/2021-2-18_21h59min23sec7311.png 1 145 171 44 44
positives/2021-2-18_22h0min39sec4532.png 1 247 83 44 42
positives/2021-2-18_22h0min48sec1819.png 1 236 100 62 59
positives/2021-2-18_22h0min51sec8672.png 1 113 155 99 99
positives/2021-2-18_22h1min11sec3835.png 1 55 20 84 87
positives/2021-2-18_22h9min1sec7408.png 1 107 23 68 73
positives/2021-2-18_22h9min3sec6450.png 2 191 97 73 72 85 99 75 73
positives/2021-2-18_22h9min7sec7808.png 1 92 65 132 132
positives/2021-2-18_22h9min25sec7414.png 1 235 164 43 43
positives/2021-2-18_22h9min54sec5606.png 1 168 83 46 47
positives/2021-2-18_22h10min26sec9754.png 1 78 102 146 148
positives/2021-2-18_22h10min28sec1901.png 1 50 146 42 39
positives/2021-2-18_22h11min11sec8027.png 1 101 84 60 61
positives/2021-2-18_22h11min16sec9949.png 1 10 92 95 91
positives/2021-2-18_22h11min23sec9803.png 1 100 129 74 73
positives/2021-2-18_22h11min34sec8265.png 1 103 71 80 81
positives/2021-2-18_22h11min40sec8502.png 1 154 91 60 61
positives/2021-2-18_22h11min44sec9232.png 1 166 85 46 48
positives/2021-2-18_22h12min16sec6914.png 1 180 99 59 60
positives/2021-2-18_22h12min29sec8368.png 1 122 120 58 57
positives/2021-2-18_22h13min6sec4055.png 2 73 132 59 59 176 163 64 65
positives/2021-2-18_22h13min33sec6695.png 1 114 94 61 60
positives/2021-2-18_22h14min4sec2490.png 1 139 51 106 107
positives/2021-2-18_22h14min21sec2699.png 1 186 67 65 65
positives/2021-2-18_22h14min33sec9996.png 1 108 88 60 61
positives/2021-2-18_22h15min47sec6327.png 1 53 79 98 95
positives/2021-2-18_22h15min58sec3333.png 1 95 11 96 100
positives/2021-2-18_22h16min51sec1118.png 1 131 75 64 65
positives/2021-2-18_22h17min33sec9775.png 1 84 138 107 108
positives/2021-2-18_22h25min17sec3695.png 1 178 191 114 115
positives/2021-2-18_22h25min29sec7755.png 1 73 124 77 76
positives/2021-2-18_22h25min47sec1539.png 1 112 48 86 88
positives/2021-2-18_22h25min51sec4424.png 2 192 116 47 45 233 113 40 38
positives/2021-2-18_22h25min56sec8080.png 1 95 36 69 71
positives/2021-2-18_22h27min22sec8332.png 1 137 102 67 67
positives/2021-2-18_22h27min44sec7015.png 1 152 115 40 40
positives/2021-2-18_22h27min47sec562.png 1 121 108 37 37
positives/2021-2-18_22h28min36sec2715.png 1 132 52 72 73
positives/2021-2-18_22h29min8sec7539.png 1 167 125 82 81
positives/2021-2-18_22h29min13sec441.png 1 69 120 142 142
positives/2021-2-18_22h29min29sec3702.png 1 55 148 169 172
positives/2021-2-18_22h29min54sec6362.png 1 122 23 36 39
positives/2021-2-18_22h30min2sec8456.png 1 126 58 59 61
positives/2021-2-18_22h30min7sec1903.png 1 127 40 77 80
positives/2021-2-18_22h31min16sec8137.png 1 81 50 60 61
positives/2021-2-18_22h31min20sec8426.png 1 98 125 71 71
positives/2021-2-18_22h31min24sec3843.png 2 140 73 54 54 25 165 106 106
positives/2021-2-18_22h32min11sec5198.png 1 141 136 89 91
positives/2021-2-18_22h33min30sec2930.png 1 252 82 39 37
positives/2021-2-18_22h33min53sec5738.png 1 131 71 61 63
positives/2021-2-18_22h33min58sec662.png 1 187 83 38 37
positives/2021-2-19_1h43min28sec2146.png 1 152 84 77 77
positives/2021-2-19_1h44min1sec4707.png 1 86 143 112 111
positives/2021-2-19_1h44min20sec7035.png 1 101 108 73 72
positives/2021-2-19_1h44min41sec4892.png 1 20 75 65 62
positives/2021-2-19_1h45min0sec7236.png 1 211 78 61 62
positives/2021-2-19_1h45min8sec6249.png 2 84 116 44 44 113 66 40 41
positives/2021-2-19_1h45min15sec6902.png 1 220 21 58 58
positives/2021-2-19_1h45min22sec6485.png 1 163 3 124 127
positives/2021-2-19_1h45min44sec7292.png 2 267 13 45 44 111 19 55 54
positives/2021-2-19_1h46min49sec4559.png 1 85 149 57 57
positives/2021-2-19_1h46min51sec6569.png 1 93 145 94 95
positives/2021-2-19_1h47min5sec987.png 1 241 130 55 53
positives/2021-2-19_1h47min10sec5533.png 1 37 102 89 86
positives/2021-2-19_1h47min16sec5872.png 1 157 88 82 80
positives/2021-2-19_1h47min23sec6175.png 1 83 107 48 47
positives/2021-2-19_1h47min53sec3988.png 2 182 82 49 50 228 102 87 84
positives/2021-2-19_1h47min59sec5843.png 1 114 65 95 95
positives/2021-2-19_1h49min27sec7473.png 1 178 107 86 64
positives/2021-2-19_1h49min36sec9699.png 1 178 65 79 80
positives/2021-2-19_1h49min48sec7939.png 1 170 64 66 65
positives/2021-2-19_1h49min49sec8875.png 1 180 112 81 78
positives/2021-2-19_1h50min23sec9128.png 1 212 65 59 59
positives/2021-2-19_1h50min37sec2161.png 1 71 23 149 156
positives/2021-2-19_1h50min57sec1992.png 1 167 24 71 74
positives/2021-2-19_1h51min7sec5267.png 1 132 7 76 81
positives/2021-2-19_1h51min43sec6263.png 1 125 50 151 146
positives/2021-2-19_1h51min58sec7381.png 1 103 44 73 74
positives/2021-2-19_1h52min3sec9588.png 2 199 70 71 71 42 90 104 101
positives/2021-2-19_1h52min22sec5362.png 1 110 84 39 40
positives/2021-2-19_1h54min6sec1040.png 1 104 62 99 100
positives/2021-2-19_1h54min49sec52.png 1 150 86 41 41
positives/2021-2-19_1h56min11sec9217.png 1 192 39 69 71
positives/2021-2-19_1h56min25sec9390.png 2 236 46 37 38 29 158 44 43
positives/2021-2-19_1h56min54sec7408.png 2 59 38 111 113 74 0 60 51
positives/2021-2-19_1h58min3sec2983.png 1 106 97 77 77
positives/2021-2-19_4h35min26sec6836.png 1 161 63 55 57
positives/2021-2-19_4h35min30sec9743.png 1 153 105 37 38
positives/2021-2-19_4h35min36sec7787.png 1 136 135 49 49
positives/2021-2-19_4h35min52sec1786.png 1 30 142 84 81
positives/2021-2-19_4h35min54sec176.png 1 173 26 50 53
positives/2021-2-19_4h35min55sec7024.png 1 45 87 79 75
positives/2021-2-19_4h36min35sec3548.png 1 123 106 57 57
positives/2021-2-19_4h36min54sec0.png 1 113 108 82 82
positives/2021-2-19_4h37min44sec6109.png 1 102 74 145 145
positives/2021-2-19_4h38min5sec4406.png 1 151 56 75 73
positives/2021-2-19_4h38min16sec5414.png 1 128 95 66 67
positives/2021-2-19_4h38min33sec3276.png 1 152 3 85 90
positives/2021-2-19_4h38min44sec7950.png 1 124 102 110 109
positives/2021-2-19_4h39min15sec2893.png 1 251 47 41 39
positives/2021-2-19_4h39min35sec3012.png 1 247 20 41 42
positives/2021-2-19_4h39min49sec6001.png 1 221 89 39 38
positives/2021-2-19_4h40min0sec7573.png 1 104 76 57 57
positives/2021-2-19_4h40min3sec3455.png 2 103 105 93 91 176 103 54 59
positives/2021-2-19_4h40min4sec879.png 1 101 97 45 45
positives/2021-2-19_4h40min8sec5499.png 1 137 100 75 75
positives/2021-2-19_4h41min36sec1012.png 1 158 136 51 51
positives/2021-2-19_4h41min59sec2269.png 2 200 47 40 39 14 101 140 140
positives/2021-2-19_4h42min14sec5829.png 1 3 53 42 41
positives/2021-2-19_4h42min35sec2539.png 1 116 109 58 58
positives/2021-2-19_4h42min46sec7516.png 1 9 116 49 47
positives/2021-2-19_4h43min2sec1692.png 1 148 10 82 85
positives/2021-2-19_4h43min23sec1348.png 1 155 48 48 49
positives/2021-2-19_4h43min29sec7300.png 1 149 98 54 55
positives/2021-2-19_4h43min40sec6610.png 1 98 114 92 92
positives/2021-2-19_4h44min4sec7402.png 1 106 94 106 106
positives/2021-2-19_4h44min21sec7881.png 1 129 133 61 41
positives/2021-2-19_4h44min33sec8154.png 1 101 124 139 138
positives/2021-2-19_4h44min52sec9041.png 1 118 208 147 112
positives/2021-2-19_4h46min10sec8767.png 1 161 109 52 52
positives/2021-2-21_12h47min21sec8881.png 1 108 76 107 106
positives/2021-2-21_12h47min41sec137.png 1 87 129 144 144
positives/2021-2-21_12h49min39sec2411.png 1 102 137 81 81
positives/2021-2-21_12h49min55sec3011.png 1 129 86 66 66
positives/2021-2-21_12h51min31sec342.png 1 186 143 39 39
positives/2021-2-21_12h52min8sec3356.png 1 98 99 42 44
positives/2021-2-21_12h52min57sec6707.png 1 164 140 110 76
positives/2021-2-21_12h53min20sec4540.png 1 122 78 105 103
positives/2021-2-21_12h53min37sec1245.png 1 200 103 41 61
positives/2021-2-21_12h54min6sec2218.png 1 225 89 41 39
positives/2021-2-21_12h54min44sec8344.png 1 147 36 38 37
positives/2021-2-21_12h56min23sec123.png 1 53 62 207 208
positives/2021-2-21_12h56min24sec4827.png 1 101 103 117 118
positives/2021-2-21_12h57min14sec6815.png 1 113 196 75 76
positives/2021-2-21_12h57min34sec5176.png 1 138 102 48 48
positives/2021-2-21_13h2min51sec5298.png 1 139 27 61 62
positives/2021-2-21_13h3min9sec2380.png 1 131 115 170 169
positives/2021-2-21_13h3min56sec4181.png 1 150 164 54 53
positives/2021-2-21_13h4min0sec290.png 1 90 72 59 58
positives/2021-2-21_13h4min49sec1436.png 1 176 172 48 36
positives/2021-2-21_13h4min55sec324.png 1 144 81 63 63
positives/2021-2-22_17h0min33sec3992.png 1 158 129 40 40
positives/2021-2-22_17h0min50sec4355.png 2 158 120 121 119 67 72 36 36
positives/2021-2-22_17h0min55sec7863.png 1 155 96 129 123
positives/2021-2-22_17h1min43sec2592.png 1 140 99 54 55
positives/2021-2-22_17h1min47sec3419.png 1 131 213 66 70
positives/2021-2-22_17h2min56sec5646.png 1 176 13 41 37
positives/2021-2-22_17h4min15sec4681.png 2 43 148 81 79 122 124 36 36
positives/2021-2-22_17h4min37sec8337.png 2 43 165 44 43 183 154 96 94
positives/2021-2-22_17h4min38sec8292.png 2 49 163 43 42 178 139 90 89
positives/2021-2-22_17h6min5sec4915.png 1 133 123 68 66
positives/2021-2-22_17h6min38sec7457.png 1 108 116 91 92
positives/2021-2-22_17h7min27sec1843.png 1 135 150 121 122
positives/2021-2-22_17h7min37sec6325.png 1 33 132 103 101
positives/2021-2-22_17h9min42sec5431.png 1 75 171 93 95
positives/2021-2-22_17h9min44sec6547.png 1 129 134 70 71
positives/2021-2-22_17h13min40sec1414.png 2 39 104 75 75 217 106 78 78
positives/2021-2-22_17h16min17sec3324.png 2 70 114 40 38 159 113 37 36
positives/2021-2-22_17h18min36sec6593.png 2 66 143 56 56 194 132 51 52
positives/2021-2-22_17h18min40sec6977.png 2 79 123 62 62 222 113 54 58
positives/2021-2-22_17h18min58sec7068.png 2 110 106 43 42 208 107 43 42
positives/2021-2-22_17h19min5sec7793.png 1 137 125 82 83
positives/2021-2-22_17h19min21sec5623.png 1 196 181 60 60
positives/2021-2-22_17h19min59sec3084.png 1 132 78 106 106
positives/2021-2-22_17h20min2sec7587.png 2 149 122 52 52 179 82 36 36
positives/2021-2-22_17h20min4sec4561.png 2 174 134 56 56 107 96 39 39
positives/2021-2-22_17h20min19sec9356.png 2 87 172 51 51 177 135 41 38
positives/2021-2-22_17h20min36sec4561.png 1 215 97 55 53
positives/2021-2-22_17h21min16sec1062.png 1 248 124 60 56
positives/2021-2-22_17h22min22sec5455.png 1 100 119 36 36
positives/2021-2-18_22h50min42sec6409.png 2 180 66 56 55 227 70 66 65
positives/2021-2-18_22h50min54sec9694.png 1 174 95 54 55
positives/2021-2-18_22h51min5sec5704.png 1 192 166 85 83
positives/2021-2-18_22h51min34sec3470.png 1 155 121 48 47
positives/2021-2-18_22h51min48sec942.png 1 123 97 79 79
positives/2021-2-18_22h52min26sec4067.png 1 149 85 46 46
positives/2021-2-18_22h53min15sec6208.png 1 42 29 116 117
positives/2021-2-18_22h53min37sec409.png 1 92 86 89 91
positives/2021-2-18_22h55min43sec7703.png 1 125 30 46 49
positives/2021-2-19_22h32min36sec5914.png 1 107 81 46 46
positives/2021-2-19_22h33min34sec5481.png 1 230 110 78 73
positives/2021-2-19_22h33min41sec9180.png 1 121 47 54 45
positives/2021-2-19_22h33min59sec5705.png 1 113 0 56 45
positives/2021-2-19_22h34min53sec6865.png 1 25 99 69 65
positives/2021-2-19_22h36min32sec8458.png 1 111 79 55 56
positives/2021-2-19_22h36min40sec3018.png 2 22 103 170 169 241 41 57 56
positives/2021-2-19_22h36min47sec4975.png 1 96 42 119 121
positives/2021-2-19_22h38min2sec6131.png 1 96 75 41 40
positives/2021-2-19_22h38min7sec6550.png 1 21 124 69 65
positives/2021-2-19_22h38min11sec580.png 1 51 69 61 61
positives/2021-2-19_22h41min46sec2306.png 1 25 61 37 36
positives/2021-2-19_22h41min54sec7273.png 1 88 92 87 85
positives/2021-2-19_22h41min58sec2950.png 1 99 113 77 76
positives/2021-2-20_1h2min15sec4280.png 1 112 54 79 80
positives/2021-2-20_1h2min40sec1377.png 2 244 41 38 37 14 95 60 59
positives/2021-2-20_1h3min7sec430.png 1 148 10 70 75
positives/2021-2-20_1h3min10sec3157.png 1 153 92 94 94
positives/2021-2-20_1h3min53sec3178.png 1 169 140 102 101
positives/2021-2-20_1h5min8sec2614.png 1 87 124 69 70
positives/2021-2-20_1h5min15sec8084.png 1 176 127 94 93
positives/2021-2-20_1h5min28sec6168.png 1 129 74 138 139
positives/2021-2-20_1h5min35sec3339.png 1 96 77 116 116
positives/2021-2-20_1h5min50sec2796.png 1 135 68 95 96
positives/2021-2-20_1h6min9sec5419.png 1 182 107 60 59
positives/2021-2-20_1h6min12sec4881.png 1 211 70 98 93
positives/2021-2-20_1h6min43sec8951.png 1 95 194 72 75
positives/2021-2-20_1h8min20sec6319.png 1 129 105 80 80
positives/2021-2-20_1h8min55sec6599.png 1 137 114 103 102
positives/2021-2-20_1h8min59sec5493.png 1 138 108 90 89
positives/2021-2-20_1h9min24sec1688.png 1 84 119 83 83
positives/2021-2-20_1h9min40sec9897.png 1 91 99 90 88
positives/2021-2-20_1h9min43sec1503.png 1 99 146 40 40
positives/2021-2-20_1h9min47sec8418.png 1 134 111 60 60
positives/2021-2-20_1h9min48sec8083.png 1 99 71 79 78
positives/2021-2-20_1h9min55sec5156.png 2 171 57 53 53 69 99 125 125
positives/2021-2-20_1h12min21sec8983.png 2 181 149 43 49 92 100 106 109
positives/2021-2-20_1h12min32sec5707.png 1 158 54 78 79
positives/2021-2-20_1h12min45sec17.png 1 191 116 82 80
positives/2021-2-20_1h13min7sec2356.png 2 249 72 43 41 27 71 41 39
positives/2021-2-20_1h13min16sec2016.png 1 34 110 74 72
positives/2021-2-20_1h14min0sec6723.png 1 206 90 49 48
positives/2021-2-20_1h14min9sec9983.png 1 81 85 104 101
positives/2021-2-20_1h14min14sec9311.png 1 209 0 72 75
positives/2021-2-20_1h15min19sec1065.png 1 168 125 58 58
positives/2021-2-20_1h15min48sec9931.png 1 144 41 111 111
positives/2021-2-20_1h15min53sec6429.png 1 85 0 98 105
positives/2021-2-20_1h16min1sec1764.png 1 222 20 65 65
positives/2021-2-20_1h16min15sec8248.png 1 95 136 73 72
positives/2021-2-20_1h16min17sec6148.png 1 0 79 53 75
positives/2021-2-20_1h16min22sec9868.png 1 132 133 71 71
positives/2021-2-20_1h16min31sec5258.png 1 150 86 92 94
positives/2021-2-20_1h16min37sec7714.png 1 106 120 75 75
positives/2021-2-20_1h16min54sec9627.png 1 19 18 40 40
positives/2021-2-20_1h18min51sec447.png 1 100 28 43 42
positives/2021-2-20_1h19min41sec6247.png 1 28 145 70 66
positives/2021-2-20_1h20min12sec606.png 1 198 54 62 62
positives/2021-2-20_1h20min50sec3844.png 1 156 63 43 43
positives/2021-2-20_1h21min10sec1506.png 2 37 49 102 101 191 53 109 106
positives/2021-2-20_1h21min18sec4543.png 1 102 49 92 94
positives/2021-2-20_1h21min26sec3628.png 2 122 113 163 157 130 46 43 42
positives/2021-2-20_1h21min46sec2939.png 1 252 83 48 39
positives/2021-2-20_1h21min54sec6538.png 1 160 111 92 91
positives/2021-2-20_1h21min55sec9769.png 1 145 221 101 99
positives/2021-2-19_2h22min4sec7323.png 1 107 106 87 87
positives/2021-2-19_2h22min16sec9845.png 1 221 138 76 72
positives/2021-2-19_2h22min34sec8545.png 1 238 82 45 44
positives/2021-2-19_2h23min7sec3808.png 1 29 55 41 40
positives/2021-2-19_2h24min21sec8705.png 1 141 100 68 68
positives/2021-2-19_2h24min27sec3345.png 1 185 100 53 52
positives/2021-2-19_2h24min58sec8123.png 1 38 33 253 257
positives/2021-2-19_2h25min7sec7617.png 1 62 120 47 45
positives/2021-2-19_2h25min19sec8878.png 1 150 254 50 51
positives/2021-2-19_2h25min21sec427.png 1 151 106 76 76
positives/2021-2-19_2h25min28sec6878.png 1 121 95 56 57
positives/2021-2-19_2h25min39sec6222.png 1 129 11 99 103
positives/2021-2-19_2h25min42sec8416.png 1 96 76 172 169
positives/2021-2-19_2h25min59sec3554.png 1 99 93 89 88
positives/2021-2-19_2h27min49sec8058.png 1 148 88 46 46
positives/2021-2-19_2h28min15sec2928.png 1 134 70 147 147
positives/2021-2-19_2h28min20sec731.png 1 129 133 51 51
positives/2021-2-19_2h28min23sec3185.png 1 102 83 129 127
positives/2021-2-19_2h28min25sec6151.png 2 49 36 41 40 130 104 162 162
positives/2021-2-19_2h28min30sec1851.png 1 130 97 40 40
positives/2021-2-19_2h28min33sec5886.png 1 88 40 104 101
positives/2021-2-19_2h28min38sec435.png 1 127 124 128 124
positives/2021-2-19_2h28min55sec6519.png 1 138 74 53 54
positives/2021-2-19_2h29min0sec3086.png 1 80 100 56 56
positives/2021-2-19_2h29min9sec4490.png 1 138 45 56 59
positives/2021-2-19_2h29min11sec5645.png 1 111 55 62 63
positives/2021-2-19_2h29min14sec4149.png 1 156 86 83 82
positives/2021-2-19_2h29min15sec2573.png 1 80 116 79 79
positives/2021-2-19_2h29min29sec3983.png 1 135 46 39 41
positives/2021-2-19_2h29min54sec6163.png 1 139 83 65 65
positives/2021-2-19_2h30min30sec2387.png 1 139 93 52 52
positives/2021-2-19_2h31min41sec4096.png 1 148 74 68 68
positives/2021-2-19_2h31min47sec8867.png 1 148 129 126 121
positives/2021-2-19_2h31min58sec96.png 1 97 76 97 97
positives/2021-2-19_2h32min42sec6804.png 2 139 104 49 48 102 197 81 86
positives/2021-2-19_2h33min6sec4935.png 1 74 108 139 99
positives/2021-2-19_2h33min37sec7852.png 1 37 85 41 40
positives/2021-2-19_2h33min45sec5671.png 1 148 157 134 132
positives/2021-2-19_2h34min30sec5695.png 2 175 117 122 120 78 86 65 64
positives/2021-2-19_2h35min6sec5526.png 1 107 181 39 40
positives/2021-2-19_2h35min13sec331.png 1 81 223 67 64
positives/2021-2-19_2h35min21sec3560.png 1 129 74 73 75
positives/2021-2-19_2h35min42sec9588.png 1 149 46 83 85
positives/2021-2-19_2h35min47sec9376.png 1 104 91 197 195
positives/2021-2-19_2h35min49sec7670.png 1 146 162 102 104
positives/2021-2-19_2h36min1sec3211.png 2 199 113 100 95 64 92 61 59
