      0/99     1.04G    0.1024   0.01945   0.02763    0.1495        41       320  0.002763    0.5901  0.002335 0.0004077   0.08205   0.01443   0.02629
      1/99     1.09G   0.09144   0.02204   0.02658    0.1401        33       320  0.003256     0.128  0.001938 0.0003084   0.07981   0.01455   0.02618
      2/99     1.09G   0.08438   0.02419   0.02581    0.1344        50       320    0.0406    0.1639   0.02656  0.005304   0.06882   0.01552   0.02557
      3/99     1.09G   0.07385   0.02414   0.02539    0.1234        35       320    0.2566     0.534    0.2479   0.07737   0.05635   0.01564   0.02472
      4/99     1.09G   0.06221   0.02424   0.02493    0.1114        42       320    0.2696    0.6119    0.3063     0.102   0.05153   0.01632   0.02437
      5/99     1.09G   0.05988   0.02052   0.02452    0.1049        34       320    0.3641    0.6642    0.4358    0.1277    0.0488    0.0134   0.02353
      6/99     1.09G   0.05483   0.01951   0.02375   0.09808        32       320    0.3995    0.7773     0.437    0.1351   0.04313   0.01246    0.0213
      7/99     1.09G   0.05214   0.01796    0.0211    0.0912        29       320    0.5962    0.7383     0.665    0.2517   0.04428   0.01128   0.01593
      8/99     1.09G   0.05189    0.0171   0.01614   0.08513        30       320    0.7258     0.852    0.8351    0.3599   0.03934   0.01093   0.00983
      9/99     1.09G   0.04921   0.01592   0.01176   0.07689        49       320     0.723    0.8389    0.8263    0.4088   0.03472   0.01022  0.007033
     10/99     1.09G   0.04777   0.01516  0.008756   0.07169        39       320    0.7313     0.921    0.8353    0.3552   0.03921  0.009472  0.003928
     11/99     1.09G   0.04686   0.01438  0.006786   0.06803        39       320     0.774    0.9327    0.9305    0.3223   0.03889  0.008598  0.004458
     12/99     1.09G   0.04256   0.01412  0.005992   0.06267        34       320    0.8744     0.906    0.9273    0.5241   0.03103  0.007701  0.002628
     13/99     1.09G   0.04175    0.0132  0.006201   0.06115        33       320    0.8714    0.9126    0.9316    0.6138   0.02984   0.00743  0.003465
     14/99     1.09G   0.03934   0.01296  0.005673   0.05797        32       320    0.9157    0.9684    0.9791    0.5486   0.02867  0.007072  0.002456
     15/99     1.09G   0.04758   0.01364  0.006201   0.06743        27       320    0.8046    0.8991    0.9036    0.4396   0.03952  0.007591  0.002184
     16/99     1.09G   0.04175   0.01271  0.004641    0.0591        35       320     0.854    0.9478    0.9657    0.6359   0.02804  0.006254  0.002375
     17/99     1.09G   0.04006   0.01221  0.004392   0.05665        33       320    0.9256    0.9466    0.9725    0.5051   0.02905  0.006493  0.002528
     18/99     1.09G   0.03865    0.0118  0.003896   0.05434        33       320    0.8596    0.9503    0.9391    0.4627   0.03103   0.00618  0.001837
     19/99     1.09G   0.03844   0.01119  0.004261   0.05389        34       320    0.9614    0.9707    0.9875    0.6466   0.02445  0.005775  0.002049
     20/99     1.09G   0.03549   0.01076  0.003562   0.04982        39       320    0.9281    0.9577    0.9618    0.6752   0.02344  0.006023  0.001905
     21/99     1.09G   0.03405   0.01046  0.003744   0.04825        31       320    0.9126    0.9588     0.949    0.6658     0.025  0.006044  0.002495
     22/99     1.09G   0.03342   0.01049    0.0034   0.04731        41       320    0.9691     0.942    0.9839    0.6418   0.02359  0.005903  0.001491
     23/99     1.09G   0.03101    0.0101  0.003109   0.04422        35       320    0.9652    0.9588     0.987    0.7199   0.02075  0.005163  0.002008
     24/99     1.09G    0.0299   0.00925  0.003271   0.04242        41       320    0.9842    0.9559    0.9891    0.7469   0.02062  0.005243  0.001162
     25/99     1.09G   0.02686    0.0089  0.002814   0.03858        40       320    0.9884    0.9717    0.9909    0.8073   0.01775  0.004438  0.001485
     26/99     1.09G   0.02745  0.008998  0.003478   0.03993        22       320    0.9596    0.9669    0.9829    0.7816   0.01672   0.00506  0.001397
     27/99     1.09G   0.02582  0.008685  0.002519   0.03702        28       320    0.9833    0.9665    0.9885    0.7816   0.01799  0.004602  0.001672
     28/99     1.09G   0.02623  0.008728  0.002458   0.03742        33       320    0.9836    0.9793    0.9898    0.7691   0.01765    0.0043  0.001343
     29/99     1.09G   0.02535  0.008204   0.00218   0.03574        36       320    0.9875    0.9913    0.9945    0.8006   0.01555   0.00388  0.001108
     30/99     1.09G   0.02389  0.008344  0.001965    0.0342        27       320    0.9856    0.9934    0.9944    0.8094   0.01611  0.003982  0.000949
     31/99     1.09G   0.02298  0.008093  0.002092   0.03316        46       320    0.9967    0.9862    0.9948    0.8389   0.01388  0.003522 0.0009224
     32/99     1.09G   0.02247  0.007782  0.002128   0.03238        41       320    0.9981    0.9837    0.9946    0.8531   0.01306  0.003465 0.0008888
     33/99     1.09G   0.02203  0.007575  0.002008   0.03162        37       320    0.9754     0.981     0.991    0.8341   0.01445  0.003668  0.001413
     34/99     1.09G   0.02365  0.007943  0.001861   0.03345        30       320    0.9884    0.9886    0.9943    0.8538   0.01357   0.00367 0.0006417
     35/99     1.09G   0.02179  0.007476  0.001626   0.03089        27       320    0.9964     0.987    0.9934    0.8383   0.01378  0.003371 0.0007231
     36/99     1.09G    0.0215  0.007438  0.001581   0.03052        45       320     0.994    0.9848    0.9943    0.8053   0.01495  0.003486 0.0009282
     37/99     1.09G   0.02087  0.007457  0.001747   0.03007        38       320    0.9865    0.9919    0.9942    0.8923   0.01209  0.003219 0.0008002
     38/99     1.09G   0.02069  0.007097   0.00158   0.02936        26       320    0.9879    0.9874    0.9905    0.8351   0.01324  0.003245 0.0006346
     39/99     1.09G    0.0202  0.007092  0.001622   0.02891        32       320    0.9843    0.9892    0.9941    0.8719   0.01157  0.003199 0.0006904
     40/99     1.09G   0.01968  0.006933  0.001547   0.02816        35       320    0.9979    0.9885    0.9947    0.8581   0.01272  0.003087   0.00074
     41/99     1.09G    0.0186  0.006962  0.001627   0.02719        41       320    0.9873    0.9981    0.9947    0.8696   0.01202  0.002916 0.0006724
     42/99     1.09G   0.01786   0.00678  0.001901   0.02654        42       320    0.9903    0.9942    0.9935    0.8882   0.01028  0.003024 0.0006663
     43/99     1.09G   0.01861  0.006773  0.001593   0.02698        29       320     0.995    0.9918    0.9939    0.8806   0.01145  0.003057 0.0006988
     44/99     1.09G   0.01849  0.006575  0.001719   0.02678        35       320    0.9935    0.9951    0.9952    0.8809   0.01066  0.002997 0.0006274
     45/99     1.09G   0.01734  0.006472   0.00145   0.02527        36       320    0.9922    0.9967    0.9938    0.8984   0.01048  0.002746 0.0006386
     46/99     1.09G   0.01742  0.006501  0.001632   0.02555        40       320    0.9923    0.9885    0.9934    0.9041  0.009766  0.002828  0.000663
     47/99     1.09G   0.01712   0.00642  0.001796   0.02533        32       320    0.9982    0.9886    0.9953    0.8924   0.01069  0.002799 0.0006465
     48/99     1.09G   0.01643  0.006233  0.001496   0.02416        37       320    0.9953    0.9869     0.995    0.9011   0.01081  0.002895 0.0005639
     49/99     1.09G   0.01605   0.00608  0.001444   0.02358        34       320    0.9997    0.9886    0.9953     0.912  0.009678  0.002633 0.0006762
     50/99     1.09G   0.01639  0.005894  0.001285   0.02357        29       320    0.9949    0.9951    0.9953    0.9201  0.009538  0.002717 0.0006069
     51/99     1.09G   0.01489  0.005801  0.001361   0.02205        28       320    0.9913    0.9967    0.9949    0.9295  0.008796  0.002608 0.0006427
     52/99     1.09G    0.0159  0.006116  0.001291   0.02331        40       320    0.9922    0.9902    0.9922    0.9125  0.009309  0.002688 0.0005036
     53/99     1.09G   0.01588  0.006135  0.001152   0.02316        36       320    0.9966    0.9918    0.9952    0.9271  0.008979    0.0027 0.0004063
     54/99     1.09G   0.01525  0.006063  0.001129   0.02245        49       320         1    0.9909    0.9954    0.9143  0.009171  0.002585 0.0004592
     55/99     1.09G   0.01485  0.005999    0.0011   0.02195        43       320     0.994    0.9935    0.9953    0.9249  0.008317  0.002399  0.000477
     56/99     1.09G   0.01378  0.005684 0.0007822   0.02024        40       320    0.9925    0.9984    0.9943    0.9184  0.008994  0.002464 0.0004547
     57/99     1.09G   0.01406  0.005875 0.0009935   0.02093        45       320    0.9949    0.9919    0.9944    0.9293  0.008244  0.002412 0.0004774
     58/99     1.09G   0.01399  0.005552 0.0009966   0.02054        31       320    0.9934    0.9877     0.993    0.9339  0.008479  0.002609 0.0004725
     59/99     1.09G   0.01422  0.005568  0.001034   0.02082        41       320    0.9989    0.9919    0.9955    0.9121  0.008785  0.002366 0.0004797
     60/99     1.09G   0.01321  0.005408   0.00108    0.0197        34       320    0.9946    0.9951    0.9956      0.94  0.008002  0.002316 0.0004385
     61/99     1.09G   0.01311  0.005679 0.0008867   0.01968        35       320    0.9939    0.9919    0.9951    0.9397  0.007676  0.002542 0.0003982
     62/99     1.09G   0.01294  0.005348 0.0008909   0.01918        35       320    0.9917    0.9951    0.9956    0.9403  0.007212  0.002256 0.0004498
     63/99     1.09G   0.01264  0.005375  0.001002   0.01901        37       320    0.9985    0.9935    0.9956    0.9436  0.007458  0.002256 0.0004284
     64/99     1.09G   0.01251  0.005298 0.0008505   0.01866        48       320    0.9989    0.9935    0.9957    0.9528  0.007025  0.002218 0.0004709
     65/99     1.09G   0.01184  0.005216 0.0008775   0.01794        52       320    0.9961    0.9967    0.9959    0.9603  0.006881  0.002127 0.0004548
     66/99     1.09G   0.01219  0.005185 0.0007067   0.01808        43       320    0.9998    0.9918    0.9957    0.9501  0.007291   0.00224 0.0003524
     67/99     1.09G   0.01171  0.005016 0.0009088   0.01764        33       320    0.9918    0.9913    0.9949      0.95  0.006861  0.002283 0.0004146
     68/99     1.09G   0.01159  0.005021 0.0008343   0.01744        28       320    0.9917    0.9935    0.9951    0.9627  0.006576  0.002199 0.0003846
     69/99     1.09G   0.01149  0.005272  0.000926   0.01769        32       320    0.9958    0.9886    0.9954    0.9614  0.006671  0.002157 0.0003331
     70/99     1.09G   0.01108  0.005065 0.0009848   0.01713        28       320    0.9995    0.9902    0.9954    0.9695  0.006355  0.002135 0.0003455
     71/99     1.09G    0.0109  0.005007 0.0008338   0.01674        51       320    0.9948    0.9886    0.9949    0.9599  0.006289  0.002213 0.0003427
     72/99     1.09G   0.01101  0.004818 0.0008928   0.01672        36       320    0.9889         1    0.9956    0.9621  0.006128  0.002084 0.0003872
     73/99     1.09G   0.01049  0.004782  0.001069   0.01634        39       320    0.9904    0.9984    0.9958    0.9635  0.006591  0.002086 0.0003569
     74/99     1.09G   0.01061  0.004839 0.0007574   0.01621        38       320    0.9882    0.9984    0.9956    0.9664  0.006376  0.002069 0.0003013
     75/99     1.09G   0.01028  0.004747 0.0006219   0.01565        35       320    0.9961    0.9918    0.9954    0.9643  0.006395  0.002095 0.0003125
     76/99     1.09G   0.01012  0.004749 0.0006155   0.01549        35       320    0.9965    0.9902    0.9955    0.9698  0.005989  0.002059 0.0003209
     77/99     1.09G  0.009954  0.004688 0.0006268   0.01527        36       320     0.998    0.9919    0.9956    0.9709  0.005828  0.001967 0.0003157
     78/99     1.09G  0.009944  0.004662 0.0006871   0.01529        32       320    0.9954    0.9935    0.9956    0.9713  0.006002  0.001989 0.0003257
     79/99     1.09G   0.00984  0.004473 0.0006832     0.015        38       320    0.9999    0.9886    0.9958    0.9746  0.005775  0.001937  0.000285
     80/99     1.09G  0.009357  0.004433  0.000595   0.01439        27       320    0.9953    0.9967    0.9956    0.9733  0.005764  0.001971 0.0002619
     81/99     1.09G  0.009716  0.004815 0.0005308   0.01506        44       320    0.9972    0.9918    0.9957    0.9764  0.005499  0.001922  0.000263
     82/99     1.09G  0.009481  0.004427 0.0006706   0.01458        29       320    0.9977    0.9935    0.9958    0.9755  0.005482  0.001826 0.0002573
     83/99     1.09G  0.008983  0.004542 0.0007207   0.01425        34       320    0.9984    0.9935    0.9958    0.9789  0.005388  0.001818 0.0002667
     84/99     1.09G  0.008976  0.004211 0.0007063   0.01389        43       320    0.9968    0.9951     0.996    0.9791   0.00542  0.001811 0.0002657
     85/99     1.09G   0.00976  0.004727 0.0004854   0.01497        28       320     0.998    0.9951    0.9957    0.9771   0.00569  0.001827 0.0002452
     86/99     1.09G  0.009129  0.004565 0.0005551   0.01425        29       320    0.9978    0.9951    0.9958    0.9738  0.005521  0.001873 0.0002325
     87/99     1.09G  0.008723  0.004265 0.0005074    0.0135        47       320    0.9978    0.9951    0.9959    0.9755  0.005325  0.001846 0.0002449
     88/99     1.09G  0.009056  0.004388  0.000623   0.01407        35       320    0.9978    0.9935    0.9957    0.9765  0.005253  0.001777 0.0002347
     89/99     1.09G  0.008862  0.004601 0.0006562   0.01412        31       320    0.9978    0.9919    0.9956    0.9759  0.005287  0.001853 0.0002224
     90/99     1.09G   0.00885  0.004333 0.0005232   0.01371        36       320    0.9921    0.9984    0.9959    0.9758  0.005315  0.001835 0.0002135
     91/99     1.09G  0.008856  0.004179 0.0004753   0.01351        31       320    0.9993    0.9919     0.996     0.976  0.005409  0.001814 0.0002154
     92/99     1.09G  0.008743  0.004342  0.000609   0.01369        38       320    0.9998    0.9919     0.996    0.9811  0.005319    0.0018 0.0002386
     93/99     1.09G  0.008842  0.004297 0.0005183   0.01366        34       320    0.9991    0.9935    0.9961     0.979  0.005354  0.001807 0.0002291
     94/99     1.09G  0.008489  0.004154 0.0003787   0.01302        31       320     0.999    0.9935    0.9958     0.979  0.005034  0.001741 0.0002091
     95/99     1.09G   0.00837  0.004128 0.0006093   0.01311        36       320    0.9969    0.9967    0.9958    0.9848  0.004972  0.001711  0.000209
     96/99     1.09G  0.008365  0.004198  0.000396   0.01296        49       320    0.9973    0.9935    0.9959    0.9798  0.005033  0.001719 0.0002072
     97/99     1.09G  0.008176  0.004106 0.0005116   0.01279        32       320     0.996    0.9935    0.9957    0.9804  0.004875  0.001703 0.0002171
     98/99     1.09G  0.008272  0.004193 0.0004841   0.01295        44       320     0.996    0.9967    0.9958    0.9816  0.005086  0.001722 0.0002045
     99/99     1.09G  0.008374  0.003943 0.0003476   0.01266        29       320    0.9995    0.9935    0.9957    0.9806  0.005053  0.001713 0.0001937
