positives/2021-2-18_20h25min46sec9928.png 1 244 115 61 46
positives/2021-2-18_20h25min57sec9308.png 1 43 112 87 76
positives/2021-2-18_20h25min58sec5347.png 1 141 90 83 74
positives/2021-2-18_20h26min3sec9067.png 1 117 117 80 80
positives/2021-2-18_20h26min23sec2586.png 1 128 38 118 135
positives/2021-2-18_20h26min24sec5194.png 1 70 75 138 148
positives/2021-2-18_20h27min21sec59.png 1 162 108 77 76
positives/2021-2-18_20h28min25sec1645.png 1 138 124 68 63
positives/2021-2-18_21h0min24sec7756.png 3 250 126 68 52 202 134 85 76 0 120 40 36
positives/2021-2-18_21h0min29sec6333.png 1 84 129 141 139
positives/2021-2-18_21h0min37sec1162.png 1 75 111 70 79
positives/2021-2-18_21h0min59sec2796.png 1 162 177 128 141
positives/2021-2-18_21h1min16sec4366.png 1 44 24 49 54
positives/2021-2-18_21h1min24sec8803.png 1 116 106 95 86
positives/2021-2-18_21h1min29sec9345.png 1 142 158 127 101
positives/2021-2-18_21h1min38sec6282.png 1 21 84 236 224
positives/2021-2-18_21h2min2sec5189.png 2 254 7 65 50 63 27 106 107
positives/2021-2-18_21h2min11sec8340.png 1 114 76 56 55
positives/2021-2-18_21h52min33sec8483.png 1 120 68 90 92
positives/2021-2-18_21h52min36sec2307.png 1 92 99 65 63
positives/2021-2-18_21h53min13sec9249.png 2 253 62 61 47 12 108 212 197
positives/2021-2-18_21h53min31sec8813.png 1 169 83 36 42
positives/2021-2-18_21h53min37sec8672.png 1 215 91 49 47
positives/2021-2-18_21h53min50sec2489.png 2 99 135 50 58 114 92 37 47
positives/2021-2-18_21h54min47sec4261.png 1 135 98 92 99
positives/2021-2-18_21h54min55sec121.png 2 174 55 41 42 65 118 75 87
positives/2021-2-18_21h55min14sec3823.png 1 115 92 75 79
positives/2021-2-18_21h55min37sec3459.png 1 106 72 96 104
positives/2021-2-18_21h55min39sec5780.png 1 122 89 94 105
positives/2021-2-18_21h56min8sec5421.png 1 117 92 98 83
positives/2021-2-18_21h56min33sec5357.png 2 215 91 104 91 12 102 57 42
positives/2021-2-18_21h56min39sec9626.png 2 148 141 40 43 140 100 53 47
positives/2021-2-18_21h56min48sec343.png 1 91 93 57 62
positives/2021-2-18_21h57min31sec9087.png 1 148 16 125 129
positives/2021-2-18_21h57min42sec2956.png 1 120 26 58 60
positives/2021-2-18_21h59min17sec657.png 1 168 114 83 95
positives/2021-2-18_22h0min14sec4378.png 1 141 79 60 68
positives/2021-2-18_22h0min39sec4532.png 1 46 110 156 129
positives/2021-2-18_22h1min30sec5282.png 1 148 72 53 61
positives/2021-2-18_22h1min37sec9456.png 2 104 198 45 55 169 10 52 43
positives/2021-2-18_22h9min25sec7414.png 2 270 100 47 41 6 105 49 43
positives/2021-2-18_22h9min31sec3170.png 1 178 139 63 63
positives/2021-2-18_22h9min37sec3680.png 1 232 142 43 47
positives/2021-2-18_22h10min0sec3068.png 1 107 106 62 68
positives/2021-2-18_22h10min10sec2291.png 1 163 63 61 66
positives/2021-2-18_22h10min19sec169.png 1 47 12 249 240
positives/2021-2-18_22h10min37sec8047.png 1 155 139 52 55
positives/2021-2-18_22h10min59sec8624.png 1 67 81 143 141
positives/2021-2-18_22h11min2sec94.png 2 52 57 80 65 155 84 149 144
positives/2021-2-18_22h11min21sec9486.png 1 131 101 88 95
positives/2021-2-18_22h11min33sec9217.png 1 69 39 121 132
positives/2021-2-18_22h12min3sec8892.png 2 186 137 110 89 7 116 44 37
positives/2021-2-18_22h12min5sec6235.png 2 191 143 127 104 0 117 46 39
positives/2021-2-18_22h12min45sec6814.png 3 215 37 46 36 150 38 38 37 58 238 63 68
positives/2021-2-18_22h13min6sec4055.png 1 115 37 59 53
positives/2021-2-18_22h13min13sec8433.png 1 100 91 49 51
positives/2021-2-18_22h13min49sec9277.png 1 121 88 75 90
positives/2021-2-18_22h13min56sec788.png 1 131 71 40 46
positives/2021-2-18_22h14min21sec2699.png 1 50 68 98 85
positives/2021-2-18_22h14min31sec2997.png 3 155 111 58 62 129 95 39 45 106 185 101 126
positives/2021-2-18_22h14min41sec2026.png 1 157 95 41 37
positives/2021-2-18_22h14min54sec2642.png 1 90 95 86 86
positives/2021-2-18_22h15min0sec3403.png 1 88 58 132 126
positives/2021-2-18_22h15min19sec2323.png 2 32 76 85 83 211 68 78 64
positives/2021-2-18_22h17min10sec9658.png 1 72 109 79 78
positives/2021-2-18_22h17min15sec6542.png 1 157 118 52 51
positives/2021-2-18_22h17min18sec6624.png 1 113 126 77 81
positives/2021-2-18_22h17min22sec4931.png 1 124 89 74 77
positives/2021-2-18_22h17min33sec9775.png 1 174 95 39 36
positives/2021-2-18_22h25min15sec9485.png 1 131 89 64 63
positives/2021-2-18_22h25min17sec3695.png 1 80 4 53 55
positives/2021-2-18_22h25min22sec3651.png 2 122 105 107 120 76 57 87 92
positives/2021-2-18_22h25min26sec6671.png 3 33 124 117 115 142 99 117 117 228 98 47 37
positives/2021-2-18_22h25min29sec7755.png 1 151 97 39 36
positives/2021-2-18_22h25min40sec2451.png 1 94 134 80 88
positives/2021-2-18_22h25min51sec4424.png 1 22 119 88 71
positives/2021-2-18_22h25min54sec2460.png 1 144 101 48 52
positives/2021-2-18_22h25min59sec814.png 1 99 99 76 90
positives/2021-2-18_22h26min14sec6783.png 1 52 88 81 77
positives/2021-2-18_22h26min16sec128.png 1 123 83 101 114
positives/2021-2-18_22h27min20sec6151.png 1 0 143 116 151
positives/2021-2-18_22h28min32sec1293.png 1 86 121 141 142
positives/2021-2-18_22h28min48sec2412.png 1 87 117 81 86
positives/2021-2-18_22h29min13sec441.png 1 187 67 67 60
positives/2021-2-18_22h29min29sec3702.png 1 173 76 52 44
positives/2021-2-18_22h29min37sec8862.png 1 108 15 106 120
positives/2021-2-18_22h29min54sec6362.png 1 169 161 144 154
positives/2021-2-18_22h30min18sec2593.png 2 131 13 39 37 134 195 81 94
positives/2021-2-18_22h30min42sec7632.png 3 213 80 91 90 10 76 92 87 157 157 117 147
positives/2021-2-18_22h31min6sec899.png 1 66 95 97 108
positives/2021-2-18_22h31min18sec381.png 1 118 79 102 113
positives/2021-2-18_22h31min36sec3415.png 1 133 78 91 76
positives/2021-2-18_22h31min46sec6832.png 2 140 89 38 36 69 148 87 89
positives/2021-2-18_22h31min48sec8684.png 1 208 110 61 63
positives/2021-2-18_22h31min52sec379.png 1 97 75 111 101
positives/2021-2-18_22h32min3sec2269.png 2 212 120 108 121 222 48 98 79
positives/2021-2-18_22h32min16sec1418.png 1 85 61 161 155
positives/2021-2-18_22h32min19sec4548.png 1 92 94 98 93
positives/2021-2-18_22h33min30sec2930.png 2 33 131 171 183 112 82 57 48
positives/2021-2-18_22h33min37sec1635.png 2 115 77 59 70 135 125 111 119
positives/2021-2-18_22h33min58sec662.png 1 26 119 142 149
positives/2021-2-19_1h43min12sec3427.png 1 143 68 65 69
positives/2021-2-19_1h43min33sec5057.png 1 89 15 107 106
positives/2021-2-19_1h43min35sec8540.png 1 123 64 94 92
positives/2021-2-19_1h43min39sec505.png 1 89 70 76 90
positives/2021-2-19_1h43min42sec9887.png 1 110 29 74 88
positives/2021-2-19_1h43min47sec1497.png 1 89 82 98 105
positives/2021-2-19_1h43min48sec2619.png 1 116 45 82 93
positives/2021-2-19_1h43min50sec4149.png 1 194 39 65 75
positives/2021-2-19_1h43min55sec2570.png 2 245 83 69 53 25 124 162 165
positives/2021-2-19_1h44min1sec4707.png 1 174 101 44 40
positives/2021-2-19_1h44min16sec4848.png 1 170 45 78 85
positives/2021-2-19_1h44min21sec2475.png 1 119 85 71 86
positives/2021-2-19_1h44min30sec824.png 2 57 60 46 37 119 86 119 123
positives/2021-2-19_1h44min36sec351.png 2 142 124 128 126 37 95 57 48
positives/2021-2-19_1h45min0sec7236.png 1 9 118 179 185
positives/2021-2-19_1h45min8sec6249.png 1 182 27 54 60
positives/2021-2-19_1h45min24sec997.png 1 103 96 106 119
positives/2021-2-19_1h45min35sec7910.png 1 150 62 107 102
positives/2021-2-19_1h45min44sec7292.png 1 0 72 270 245
positives/2021-2-19_1h45min50sec6026.png 1 22 143 147 161
positives/2021-2-19_1h46min49sec4559.png 1 142 90 50 55
positives/2021-2-19_1h46min55sec7392.png 1 130 44 133 108
positives/2021-2-19_1h47min5sec987.png 2 90 133 83 74 39 122 56 47
positives/2021-2-19_1h47min10sec5533.png 1 92 204 207 116
positives/2021-2-19_1h47min16sec5872.png 1 80 65 63 48
positives/2021-2-19_1h47min31sec888.png 1 125 80 122 113
positives/2021-2-19_1h47min46sec9757.png 1 130 122 69 72
positives/2021-2-19_1h47min48sec6211.png 1 134 84 116 114
positives/2021-2-19_1h47min53sec3988.png 1 18 87 105 87
positives/2021-2-19_1h48min14sec3012.png 1 154 149 98 77
positives/2021-2-19_1h48min35sec9689.png 2 176 0 47 43 49 205 122 112
positives/2021-2-19_1h48min50sec4845.png 1 56 75 101 96
positives/2021-2-19_1h49min27sec7473.png 1 31 83 106 104
positives/2021-2-19_1h49min29sec4150.png 1 117 83 92 101
positives/2021-2-19_1h49min34sec2156.png 1 45 43 77 69
positives/2021-2-19_1h49min39sec9328.png 1 116 60 94 101
positives/2021-2-19_1h49min43sec1303.png 1 82 95 118 130
positives/2021-2-19_1h49min51sec1454.png 1 105 46 83 86
positives/2021-2-19_1h49min56sec4919.png 1 86 81 95 111
positives/2021-2-19_1h50min2sec3107.png 1 82 48 96 100
positives/2021-2-19_1h50min9sec7484.png 2 68 84 219 222 114 37 50 47
positives/2021-2-19_1h50min26sec154.png 1 137 90 46 54
positives/2021-2-19_1h50min28sec9855.png 1 156 63 68 70
positives/2021-2-19_1h51min4sec6140.png 1 148 5 163 150
positives/2021-2-19_1h51min21sec454.png 1 76 57 105 107
positives/2021-2-19_1h51min38sec6904.png 1 163 97 67 70
positives/2021-2-19_1h52min11sec155.png 1 100 69 93 102
positives/2021-2-19_1h53min58sec3806.png 1 192 58 73 78
positives/2021-2-19_1h54min13sec273.png 1 105 95 108 112
positives/2021-2-19_1h54min19sec1494.png 1 113 96 58 54
positives/2021-2-19_1h54min21sec2852.png 1 160 121 109 121
positives/2021-2-19_1h54min41sec9714.png 1 117 139 172 172
positives/2021-2-19_1h54min44sec404.png 1 97 58 76 84
positives/2021-2-19_1h55min32sec2285.png 1 151 128 37 44
positives/2021-2-19_1h55min41sec5486.png 1 126 5 82 94
positives/2021-2-19_1h55min53sec320.png 1 76 85 68 81
positives/2021-2-19_1h56min15sec2593.png 1 148 97 40 49
positives/2021-2-19_1h56min22sec8400.png 1 188 120 60 64
positives/2021-2-19_1h56min50sec4870.png 1 243 34 77 130
positives/2021-2-19_1h57min4sec3372.png 1 94 22 132 144
positives/2021-2-19_1h58min8sec6369.png 1 106 92 70 82
positives/2021-2-19_4h35min28sec1202.png 1 175 48 51 51
positives/2021-2-19_4h35min37sec909.png 1 240 45 80 119
positives/2021-2-19_4h35min48sec1039.png 3 200 118 55 57 42 92 43 48 63 59 41 41
positives/2021-2-19_4h36min13sec8984.png 3 110 53 51 41 55 53 48 41 155 92 165 156
positives/2021-2-19_4h36min25sec6170.png 2 163 75 69 77 51 58 74 74
positives/2021-2-19_4h36min29sec938.png 1 123 78 77 79
positives/2021-2-19_4h36min33sec8015.png 1 149 117 107 97
positives/2021-2-19_4h36min48sec9495.png 2 71 127 76 90 156 140 74 89
positives/2021-2-19_4h37min46sec1772.png 1 154 29 102 91
positives/2021-2-19_4h37min59sec3542.png 1 134 73 74 79
positives/2021-2-19_4h38min10sec1276.png 1 113 88 48 48
positives/2021-2-19_4h38min13sec3685.png 2 144 113 63 72 99 72 38 37
positives/2021-2-19_4h38min21sec1675.png 1 54 70 127 119
positives/2021-2-19_4h38min25sec9440.png 1 120 83 96 102
positives/2021-2-19_4h38min52sec5959.png 1 121 78 90 85
positives/2021-2-19_4h38min53sec8427.png 1 70 94 153 151
positives/2021-2-19_4h38min59sec3291.png 1 147 114 80 87
positives/2021-2-19_4h39min15sec2893.png 1 12 68 132 113
positives/2021-2-19_4h39min35sec3012.png 1 73 77 75 92
positives/2021-2-19_4h39min49sec6001.png 1 24 87 191 154
positives/2021-2-19_4h40min10sec1640.png 1 98 133 142 153
positives/2021-2-19_4h40min16sec5803.png 1 152 69 101 113
positives/2021-2-19_4h40min56sec4733.png 3 153 115 139 133 106 79 43 39 122 91 76 69
positives/2021-2-19_4h41min23sec7492.png 2 106 193 43 44 176 20 43 49
positives/2021-2-19_4h41min50sec4413.png 1 103 66 76 75
positives/2021-2-19_4h41min53sec720.png 1 108 78 87 90
positives/2021-2-19_4h42min5sec850.png 1 116 79 121 119
positives/2021-2-19_4h42min14sec5829.png 1 95 95 206 188
positives/2021-2-19_4h42min28sec4995.png 1 183 112 93 93
positives/2021-2-19_4h42min41sec2230.png 1 84 87 67 72
positives/2021-2-19_4h42min46sec7516.png 1 245 111 66 51
positives/2021-2-19_4h43min50sec4432.png 1 104 78 84 97
positives/2021-2-19_4h43min52sec6515.png 1 137 100 79 78
positives/2021-2-19_4h44min0sec8816.png 1 122 121 62 58
positives/2021-2-19_4h44min24sec7378.png 1 206 83 54 44
positives/2021-2-19_4h44min52sec9041.png 1 138 33 37 40
positives/2021-2-19_4h45min6sec309.png 1 165 51 79 89
positives/2021-2-19_4h45min22sec3985.png 1 164 99 85 90
positives/2021-2-19_4h45min33sec9018.png 1 158 78 55 56
positives/2021-2-19_4h45min57sec9248.png 1 149 96 68 59
positives/2021-2-19_4h46min5sec2625.png 1 54 85 100 98
positives/2021-2-21_12h48min35sec5361.png 2 213 119 58 45 114 133 99 90
positives/2021-2-21_12h48min47sec7577.png 2 56 92 199 173 137 49 50 46
positives/2021-2-21_12h49min9sec4094.png 1 126 146 98 101
positives/2021-2-21_12h50min8sec6993.png 3 60 48 55 56 52 89 174 187 251 41 44 39
positives/2021-2-21_12h52min8sec3356.png 1 114 106 102 94
positives/2021-2-21_12h52min35sec1372.png 1 101 69 60 66
positives/2021-2-21_12h52min44sec6825.png 1 135 104 38 37
positives/2021-2-21_12h53min13sec4240.png 1 89 187 134 133
positives/2021-2-21_12h54min3sec9030.png 1 113 68 59 60
positives/2021-2-21_12h54min6sec2218.png 1 65 89 56 55
positives/2021-2-21_12h54min19sec6071.png 1 131 96 47 48
positives/2021-2-21_12h54min44sec8344.png 1 28 93 241 203
positives/2021-2-21_12h57min49sec6241.png 1 74 124 143 143
positives/2021-2-21_13h2min45sec7826.png 1 127 88 138 112
positives/2021-2-21_13h2min54sec7211.png 1 124 109 94 83
positives/2021-2-21_13h3min9sec2380.png 1 45 41 38 43
positives/2021-2-21_13h4min40sec1754.png 1 138 114 129 146
positives/2021-2-21_13h5min11sec5196.png 1 131 129 94 98
positives/2021-2-22_17h1min30sec3920.png 2 48 88 227 226 107 34 43 38
positives/2021-2-22_17h1min34sec6068.png 1 59 91 129 127
positives/2021-2-22_17h1min38sec9862.png 1 188 57 61 69
positives/2021-2-22_17h1min56sec5561.png 1 78 0 164 140
positives/2021-2-22_17h2min28sec4493.png 1 64 82 191 163
positives/2021-2-22_17h2min43sec4885.png 1 171 117 77 89
positives/2021-2-22_17h2min47sec3419.png 1 76 105 86 89
positives/2021-2-22_17h2min56sec5646.png 1 92 204 80 83
positives/2021-2-22_17h3min18sec135.png 1 115 118 82 97
positives/2021-2-22_17h4min15sec4681.png 1 202 135 88 74
positives/2021-2-22_17h4min23sec1776.png 1 60 84 183 197
positives/2021-2-22_17h4min58sec3252.png 1 146 167 47 47
positives/2021-2-22_17h5min4sec3956.png 1 117 139 50 55
positives/2021-2-22_17h5min7sec5497.png 1 124 169 93 109
positives/2021-2-22_17h7min27sec1843.png 1 89 104 51 48
positives/2021-2-22_17h7min33sec2413.png 1 236 239 52 46
positives/2021-2-22_17h7min45sec5628.png 1 180 114 39 36
positives/2021-2-22_17h7min57sec3396.png 2 42 123 68 52 234 77 50 39
positives/2021-2-22_17h8min37sec8127.png 1 123 94 159 146
positives/2021-2-22_17h9min31sec7049.png 1 134 152 63 64
positives/2021-2-22_17h10min2sec8050.png 1 133 134 62 60
positives/2021-2-22_17h10min8sec1238.png 1 87 140 130 145
positives/2021-2-22_17h10min11sec9252.png 1 128 102 81 86
positives/2021-2-22_17h10min40sec7216.png 2 134 108 142 128 22 106 135 120
positives/2021-2-22_17h10min42sec2021.png 2 152 122 127 113 48 126 143 129
positives/2021-2-22_17h11min47sec9563.png 3 140 73 46 37 139 101 144 122 37 107 166 146
positives/2021-2-22_17h11min58sec6854.png 2 141 129 123 135 110 66 105 121
positives/2021-2-22_17h12min1sec3882.png 2 127 177 83 99 110 127 75 91
positives/2021-2-22_17h12min6sec6147.png 1 169 67 57 54
positives/2021-2-22_17h12min22sec6864.png 3 46 120 133 122 164 93 45 36 123 126 158 148
positives/2021-2-22_17h12min28sec4795.png 1 89 60 112 117
positives/2021-2-22_17h13min40sec1414.png 1 139 94 94 77
positives/2021-2-22_17h16min17sec3324.png 2 117 112 46 36 67 139 160 161
positives/2021-2-22_17h18min36sec6593.png 3 127 205 95 115 133 137 69 42 133 166 78 57
positives/2021-2-22_17h18min40sec6977.png 3 163 185 119 135 154 116 80 68 158 145 96 97
positives/2021-2-22_17h18min58sec7068.png 3 115 152 78 90 157 107 49 60 138 127 60 72
positives/2021-2-22_17h20min19sec9356.png 3 212 209 106 111 142 146 70 78 173 174 84 94
positives/2021-2-22_17h20min36sec4561.png 1 40 84 40 39
positives/2021-2-22_17h20min39sec8011.png 1 128 109 80 95
positives/2021-2-22_17h20min41sec2453.png 1 95 106 101 113
positives/2021-2-22_17h20min51sec4773.png 1 89 147 40 38
positives/2021-2-22_17h21min16sec1062.png 3 190 101 62 55 91 117 53 63 15 112 86 84
positives/2021-2-22_17h22min22sec5455.png 3 94 194 57 56 195 128 56 60 203 56 49 52
positives/2021-2-18_22h50min42sec6409.png 1 24 108 194 187
positives/2021-2-18_22h51min5sec5704.png 1 239 71 43 41
positives/2021-2-18_22h51min37sec93.png 1 138 23 66 75
positives/2021-2-18_22h51min52sec3934.png 1 123 94 52 43
positives/2021-2-18_22h51min57sec3247.png 1 106 88 105 97
positives/2021-2-18_22h51min58sec3094.png 1 96 59 105 96
positives/2021-2-18_22h52min14sec4673.png 1 68 74 115 125
positives/2021-2-18_22h52min16sec4039.png 1 121 60 125 116
positives/2021-2-18_22h52min20sec5431.png 1 106 62 65 71
positives/2021-2-18_22h53min24sec9302.png 2 72 121 48 57 180 25 40 44
positives/2021-2-18_22h53min35sec949.png 1 66 37 254 283
positives/2021-2-18_22h53min39sec5823.png 1 126 55 116 108
positives/2021-2-18_22h53min46sec4369.png 1 56 86 151 129
positives/2021-2-18_22h53min57sec5229.png 1 77 121 67 69
positives/2021-2-18_22h55min4sec4138.png 2 154 191 62 66 82 79 50 57
positives/2021-2-18_22h55min43sec7703.png 1 100 145 142 161
positives/2021-2-19_22h32min24sec1732.png 1 110 136 95 111
positives/2021-2-19_22h32min33sec8599.png 1 170 72 57 54
positives/2021-2-19_22h32min35sec7248.png 1 135 23 80 101
positives/2021-2-19_22h32min47sec7241.png 2 117 64 64 64 201 97 82 92
positives/2021-2-19_22h32min59sec546.png 1 101 94 83 75
positives/2021-2-19_22h33min4sec9797.png 1 108 83 75 81
positives/2021-2-19_22h33min6sec3782.png 1 118 139 62 56
positives/2021-2-19_22h33min34sec5481.png 1 76 92 55 56
positives/2021-2-19_22h33min41sec9180.png 1 79 75 204 209
positives/2021-2-19_22h33min45sec3401.png 1 100 88 130 127
positives/2021-2-19_22h34min1sec4641.png 1 139 64 117 116
positives/2021-2-19_22h34min54sec6121.png 1 101 99 88 95
positives/2021-2-19_22h35min4sec9509.png 2 155 84 125 114 15 67 58 52
positives/2021-2-19_22h35min38sec969.png 1 169 0 85 99
positives/2021-2-19_22h36min5sec4990.png 1 120 3 82 85
positives/2021-2-19_22h36min16sec3143.png 1 41 140 124 140
positives/2021-2-19_22h36min30sec3131.png 1 42 114 74 60
positives/2021-2-19_22h36min54sec4014.png 1 142 49 146 129
positives/2021-2-19_22h37min56sec5253.png 1 217 112 103 167
positives/2021-2-19_22h37min58sec7021.png 1 179 113 101 102
positives/2021-2-19_22h38min2sec6131.png 1 170 96 122 118
positives/2021-2-19_22h38min7sec6550.png 1 185 119 95 93
positives/2021-2-19_22h38min11sec580.png 1 130 124 117 132
positives/2021-2-19_22h38min31sec8248.png 2 93 84 131 116 180 57 65 49
positives/2021-2-19_22h38min38sec8221.png 1 220 34 80 63
positives/2021-2-19_22h38min45sec8279.png 1 153 80 140 151
positives/2021-2-19_22h38min47sec6064.png 1 52 67 110 115
positives/2021-2-19_22h40min42sec3160.png 1 81 110 93 79
positives/2021-2-19_22h41min46sec2306.png 1 47 112 210 183
positives/2021-2-19_22h41min54sec7273.png 2 87 0 83 58 123 124 154 173
positives/2021-2-19_22h41min58sec2950.png 2 73 18 78 71 148 135 125 141
positives/2021-2-19_22h42min2sec7333.png 1 109 49 139 149
positives/2021-2-19_22h42min26sec1939.png 1 140 84 124 150
positives/2021-2-20_1h1min56sec7449.png 1 120 113 53 61
positives/2021-2-20_1h2min40sec1377.png 1 200 124 113 112
positives/2021-2-20_1h2min53sec5489.png 1 115 56 171 172
positives/2021-2-20_1h3min11sec1917.png 1 159 100 47 56
positives/2021-2-20_1h3min39sec8835.png 1 43 221 61 58
positives/2021-2-20_1h4min2sec5712.png 1 134 17 66 58
positives/2021-2-20_1h4min34sec373.png 1 170 113 80 79
positives/2021-2-20_1h4min35sec107.png 1 126 108 109 120
positives/2021-2-20_1h5min13sec6228.png 1 69 99 110 120
positives/2021-2-20_1h5min15sec8084.png 1 7 4 82 81
positives/2021-2-20_1h5min57sec716.png 1 157 107 136 160
positives/2021-2-20_1h6min37sec3842.png 1 23 99 99 91
positives/2021-2-20_1h6min59sec5620.png 1 166 139 92 83
positives/2021-2-20_1h7min37sec9846.png 1 146 28 68 66
positives/2021-2-20_1h7min39sec5401.png 1 102 111 78 81
positives/2021-2-20_1h8min3sec2715.png 1 168 121 152 199
positives/2021-2-20_1h8min39sec847.png 1 98 97 116 132
positives/2021-2-20_1h8min51sec3574.png 1 63 112 121 103
positives/2021-2-20_1h9min17sec736.png 2 59 97 130 135 176 68 53 48
positives/2021-2-20_1h10min20sec2434.png 1 137 94 48 53
positives/2021-2-20_1h10min27sec5744.png 1 108 113 134 148
positives/2021-2-20_1h12min52sec7885.png 2 199 90 68 58 56 83 50 40
positives/2021-2-20_1h13min1sec7734.png 1 122 149 55 57
positives/2021-2-20_1h13min13sec4749.png 1 34 121 190 194
positives/2021-2-20_1h13min19sec5624.png 1 78 48 85 77
positives/2021-2-20_1h13min29sec8473.png 1 135 0 103 94
positives/2021-2-20_1h13min31sec6117.png 2 46 81 56 46 173 51 110 106
positives/2021-2-20_1h13min42sec9771.png 1 29 46 120 134
positives/2021-2-20_1h13min57sec629.png 1 157 62 142 129
positives/2021-2-20_1h14min12sec9769.png 1 44 123 83 83
positives/2021-2-20_1h14min48sec9365.png 2 251 95 45 43 56 95 72 65
positives/2021-2-20_1h15min10sec4477.png 1 139 58 64 72
positives/2021-2-20_1h16min17sec6148.png 1 198 43 65 57
positives/2021-2-20_1h16min22sec9868.png 1 146 57 43 47
positives/2021-2-20_1h16min26sec337.png 1 120 147 126 128
positives/2021-2-20_1h16min54sec9627.png 1 116 107 102 117
positives/2021-2-20_1h17min15sec1460.png 1 119 95 138 124
positives/2021-2-20_1h18min2sec7871.png 3 128 7 51 53 166 159 136 150 20 91 113 113
positives/2021-2-20_1h18min51sec447.png 1 103 89 211 214
positives/2021-2-20_1h19min13sec1294.png 2 125 76 185 190 39 33 52 40
positives/2021-2-20_1h19min20sec2597.png 1 88 69 94 111
positives/2021-2-20_1h19min38sec7878.png 2 47 66 80 66 211 62 57 49
positives/2021-2-20_1h19min41sec6247.png 1 240 64 49 51
positives/2021-2-20_1h19min52sec5915.png 1 34 148 141 150
positives/2021-2-20_1h20min50sec3844.png 2 196 61 118 100 8 61 150 150
positives/2021-2-20_1h20min55sec3087.png 1 68 120 70 75
positives/2021-2-20_1h21min12sec3319.png 1 113 74 117 118
positives/2021-2-20_1h21min20sec449.png 1 90 44 128 131
positives/2021-2-20_1h21min26sec3628.png 1 45 39 48 37
positives/2021-2-20_1h22min20sec2242.png 1 86 51 142 151
positives/2021-2-20_1h22min21sec9835.png 1 112 100 105 105
positives/2021-2-19_2h22min6sec3515.png 1 150 139 117 129
positives/2021-2-19_2h22min22sec6612.png 1 150 108 98 103
positives/2021-2-19_2h22min24sec8642.png 1 109 80 81 91
positives/2021-2-19_2h22min34sec8545.png 1 10 153 101 112
positives/2021-2-19_2h22min41sec2447.png 2 115 73 48 57 189 127 56 62
positives/2021-2-19_2h23min7sec3808.png 1 186 172 58 53
positives/2021-2-19_2h23min16sec3287.png 2 210 13 62 56 57 65 87 97
positives/2021-2-19_2h23min19sec9334.png 1 143 85 56 64
positives/2021-2-19_2h23min40sec8631.png 1 120 32 85 103
positives/2021-2-19_2h24min13sec6722.png 2 71 0 58 42 118 166 168 154
positives/2021-2-19_2h24min14sec5540.png 1 12 38 197 190
positives/2021-2-19_2h24min56sec9520.png 2 250 140 68 57 4 143 84 64
positives/2021-2-19_2h25min19sec8878.png 1 150 25 52 66
positives/2021-2-19_2h25min32sec9073.png 1 106 73 107 120
positives/2021-2-19_2h25min41sec3262.png 1 120 41 51 58
positives/2021-2-19_2h26min2sec4234.png 1 105 37 87 100
positives/2021-2-19_2h26min6sec5763.png 2 27 67 46 43 198 71 61 52
positives/2021-2-19_2h26min9sec5364.png 2 60 98 86 66 209 92 52 52
positives/2021-2-19_2h26min55sec8576.png 1 212 71 41 45
positives/2021-2-19_2h27min3sec7434.png 1 162 83 59 64
positives/2021-2-19_2h27min10sec3044.png 1 155 67 114 102
positives/2021-2-19_2h27min17sec6150.png 1 63 48 100 119
positives/2021-2-19_2h27min25sec4893.png 1 197 0 86 70
positives/2021-2-19_2h27min29sec7292.png 1 92 53 101 91
positives/2021-2-19_2h27min49sec8058.png 1 124 135 72 75
positives/2021-2-19_2h27min54sec4757.png 2 139 168 81 93 126 55 55 58
positives/2021-2-19_2h28min8sec3748.png 1 97 97 198 204
positives/2021-2-19_2h28min49sec3063.png 1 126 58 101 116
positives/2021-2-19_2h29min2sec5288.png 1 50 74 105 127
positives/2021-2-19_2h29min5sec3483.png 1 137 101 150 157
positives/2021-2-19_2h29min29sec3983.png 2 48 139 120 133 120 162 135 156
positives/2021-2-19_2h29min31sec9325.png 1 91 87 86 90
positives/2021-2-19_2h30min11sec4361.png 1 50 78 178 193
positives/2021-2-19_2h30min15sec4127.png 1 109 98 131 142
positives/2021-2-19_2h30min21sec2889.png 1 169 145 98 106
positives/2021-2-19_2h31min7sec2525.png 1 135 89 43 46
positives/2021-2-19_2h31min25sec8487.png 2 255 86 55 41 0 86 174 165
positives/2021-2-19_2h31min37sec3388.png 1 159 65 69 83
positives/2021-2-19_2h31min52sec7210.png 1 163 34 53 41
positives/2021-2-19_2h32min25sec1060.png 3 183 155 122 119 6 82 76 70 120 41 59 49
positives/2021-2-19_2h32min49sec7422.png 1 123 75 105 121
positives/2021-2-19_2h33min16sec3352.png 2 33 86 47 58 225 132 58 69
positives/2021-2-19_2h33min17sec1282.png 1 144 116 37 45
positives/2021-2-19_2h33min37sec7852.png 1 99 83 195 173
positives/2021-2-19_2h33min45sec5671.png 1 86 149 55 51
positives/2021-2-19_2h34min15sec1907.png 1 156 132 43 37
positives/2021-2-19_2h34min19sec6403.png 1 129 59 104 119
positives/2021-2-19_2h34min30sec5695.png 1 30 75 73 56
positives/2021-2-19_2h34min36sec1318.png 1 139 125 55 39
positives/2021-2-19_2h34min41sec4276.png 2 46 131 139 132 227 106 51 44
positives/2021-2-19_2h34min57sec7271.png 1 186 133 57 60
positives/2021-2-19_2h35min5sec2838.png 1 96 36 180 188
positives/2021-2-19_2h35min6sec5526.png 1 57 0 43 45
positives/2021-2-19_2h35min7sec3323.png 1 127 141 59 64
positives/2021-2-19_2h35min13sec331.png 2 103 56 51 45 209 66 48 47
positives/2021-2-19_2h35min23sec3033.png 1 102 72 85 87
positives/2021-2-19_2h35min26sec9231.png 1 50 23 147 149
positives/2021-2-19_2h35min52sec3935.png 1 142 106 62 61
