1 0.5703125 0.271875 0.0140625 0.015625
0 0.309375 0.44375 0.2515625 0.2171875
0 0.9953125 0.210938 0.0046875 0.00625
1 0.346875 0.271875 0.015625 0.015625
0 0.878125 0.289062 0.05 0.0328125
0 0.5703125 0.267188 0.0140625 0.0125
1 0.7625 0.271875 0.015625 0.0140625
0 0.8046875 0.273438 0.0234375 0.0171875
1 0.040625 0.248437 0.01875 0.0171875
0 0.2734375 0.467187 0.315625 0.275
0 0.4390625 0.190625 0.0109375 0.0046875
0 0.40625 0.259375 0.0421875 0.03125
0 0.025 0.242188 0.01875 0.0125
1 0.253125 0.245313 0.0140625 0.0140625
0 0.3 0.246875 0.0234375 0.0171875
