      0/99     1.41G    0.1023   0.01953   0.02768    0.1495        41       320  0.002613    0.5929  0.003036 0.0005746   0.08218    0.0144   0.02633
      1/99     3.65G   0.09044   0.02232   0.02544    0.1382        33       320  0.005379    0.1469  0.002788  0.000448   0.07872   0.01472   0.02568
      2/99     3.65G   0.08157   0.02454   0.02111    0.1272        50       320    0.6623    0.1531    0.1285   0.02734   0.06606   0.01558   0.01627
      3/99     3.65G   0.07121    0.0225   0.01152    0.1052        35       320     0.226    0.5237    0.2286   0.04896   0.06353   0.01612  0.003208
      4/99     3.65G    0.0616    0.0211   0.00546   0.08816        42       320    0.4764    0.6179     0.497    0.1398   0.05601   0.01473  0.001516
      5/99     3.65G   0.06245   0.01837  0.003615   0.08443        34       320    0.5619    0.6467    0.5861     0.191   0.04867    0.0116  0.002281
      6/99     3.65G    0.0576   0.01785  0.003046   0.07849        32       320    0.5497    0.9261    0.6642     0.246   0.04468   0.01118  0.002195
      7/99     3.65G   0.05604   0.01631  0.002523   0.07488        29       320    0.6023    0.8632    0.6838     0.197    0.0557  0.009677  0.002001
      8/99     3.65G   0.05482   0.01598  0.002532   0.07333        30       320     0.728    0.9397    0.8887    0.3967   0.03818   0.01023  0.001836
      9/99     3.65G   0.05035   0.01501  0.002385   0.06775        49       320    0.7588    0.9116    0.8384    0.4102   0.03978  0.008962  0.001617
     10/99     3.65G   0.04828   0.01456  0.002281   0.06512        39       320    0.8329    0.9213    0.9189    0.4106   0.03694    0.0087  0.001681
     11/99     3.65G   0.04715   0.01375  0.002168   0.06306        39       320    0.8919     0.938     0.963    0.4713   0.03312  0.009097  0.001764
     12/99     3.65G   0.04286   0.01371  0.002021   0.05859        34       320    0.7733    0.9472    0.8789    0.5085   0.03367  0.007331  0.001707
     13/99     3.65G   0.04279   0.01273  0.002008   0.05753        33       320    0.8639    0.9679    0.9817    0.4762   0.03201  0.007216  0.001842
     14/99     3.65G   0.04144   0.01265  0.002053   0.05614        32       320    0.9606    0.9452    0.9826    0.5699   0.02695  0.006766  0.001422
     15/99     3.65G   0.04938   0.01259   0.00254   0.06451        27       320    0.8787    0.9365    0.9577    0.5186   0.03308  0.006869  0.001344
     16/99     3.65G    0.0448   0.01221  0.002371   0.05938        35       320    0.9079    0.9473    0.9573    0.4043   0.03699  0.006727  0.001531
     17/99     3.65G   0.04218   0.01194  0.002031   0.05616        33       320    0.9042    0.9506    0.9718    0.6456   0.02748    0.0061  0.001565
     18/99     3.65G   0.03769   0.01146  0.002166   0.05131        33       320    0.8955    0.9771    0.9742    0.5751   0.02822  0.005817  0.001446
     19/99     3.65G    0.0382    0.0106  0.002121   0.05092        34       320    0.9015    0.9457    0.9229     0.594   0.02378  0.005714  0.002011
     20/99     3.65G   0.03564    0.0102   0.00169   0.04752        39       320     0.945    0.9697      0.99    0.5767   0.02727  0.005295  0.001808
     21/99     3.65G   0.03562   0.01008  0.001656   0.04735        31       320    0.9042    0.9811    0.9893    0.6387   0.02427  0.005337  0.001168
     22/99     3.65G    0.0346   0.01005  0.001683   0.04632        41       320    0.9826     0.988    0.9944    0.6236   0.02402  0.005027 0.0008665
     23/99     3.65G   0.03229  0.009504  0.001638   0.04343        35       320    0.9863    0.9571    0.9869    0.7763   0.02059  0.006606   0.00166
     24/99     3.65G   0.03186  0.009053  0.001388    0.0423        41       320    0.9914    0.9901    0.9948    0.6954   0.02043  0.004376 0.0007811
     25/99     3.65G   0.02894  0.008623  0.001385   0.03895        40       320     0.994     0.989    0.9949    0.7518   0.01774   0.00416  0.001135
     26/99     3.65G   0.02768  0.008534  0.001256   0.03747        22       320    0.9946    0.9935     0.995    0.8228   0.01694  0.004119 0.0007903
     27/99     3.65G   0.02695  0.008345  0.001251   0.03655        28       320    0.9984    0.9931     0.995    0.6921   0.02144  0.003981  0.001011
     28/99     3.65G   0.02594  0.008217   0.00121   0.03536        33       320         1    0.9957    0.9951    0.8089   0.01571  0.003595 0.0008542
     29/99     3.65G   0.02597  0.007912  0.001077   0.03496        36       320    0.9337    0.9587     0.976    0.8079   0.01574  0.007715 0.0008022
     30/99     3.65G   0.02475  0.008092  0.001147   0.03399        27       320    0.9999    0.9967    0.9952    0.8197   0.01477  0.003453 0.0009052
     31/99     3.65G   0.02358  0.007794  0.001076   0.03245        46       320    0.9983     0.993    0.9951    0.7376   0.01566   0.00362 0.0008629
     32/99     3.65G   0.02307  0.007733  0.001136   0.03194        41       320    0.9967    0.9949    0.9951    0.8661   0.01272  0.003586 0.0008806
     33/99     3.65G   0.02168  0.007198 0.0009471   0.02982        37       320    0.9979    0.9951    0.9951    0.8438   0.01207  0.003176  0.000844
     34/99     3.65G    0.0225  0.007396  0.001083   0.03098        30       320    0.9983    0.9965    0.9952    0.8829   0.01293  0.003274 0.0006364
     35/99     3.65G   0.02053  0.007007 0.0009292   0.02847        27       320         1    0.9951    0.9952    0.8282   0.01427  0.003193 0.0008449
     36/99     3.65G   0.02134  0.007012  0.001052   0.02941        45       320         1    0.9951    0.9952    0.8286   0.01406  0.003181 0.0007905
     37/99     3.65G   0.02108  0.007089 0.0009528   0.02912        38       320    0.9998    0.9951    0.9953    0.8757   0.01216  0.003019 0.0008297
     38/99     3.65G   0.02114   0.00683 0.0008887   0.02886        26       320    0.9973    0.9951    0.9953    0.8636   0.01309  0.003103  0.000609
     39/99     3.65G    0.0189  0.006635  0.001007   0.02654        32       320    0.9972    0.9951    0.9954    0.8899   0.01069  0.002872 0.0007429
     40/99     3.65G   0.01927  0.006522 0.0008799   0.02667        35       320    0.9979    0.9967    0.9954    0.8729   0.01204  0.002827 0.0006495
     41/99     3.65G   0.01802  0.006501 0.0008479   0.02537        41       320    0.9893    0.9932    0.9939    0.8627    0.0111  0.002848 0.0007489
     42/99     3.65G   0.01975  0.006541 0.0008856   0.02718        42       320    0.9983    0.9984    0.9953    0.8868   0.01066  0.002761 0.0005676
     43/99     3.65G   0.01797   0.00636 0.0008279   0.02516        29       320    0.9998    0.9951    0.9955    0.9073   0.01036   0.00266 0.0008232
     44/99     3.65G   0.01734  0.006016 0.0007507    0.0241        35       320    0.9999    0.9951    0.9954    0.8937  0.009664  0.002706 0.0005672
     45/99     3.65G   0.01678  0.006008 0.0008208   0.02361        36       320    0.9986    0.9967    0.9957    0.9181  0.009823  0.002621  0.000747
     46/99     3.65G   0.01692  0.006249 0.0006913   0.02386        40       320    0.7527    0.9523    0.7765    0.7095  0.009191  0.008263 0.0004985
     47/99     3.65G   0.01685  0.006141  0.000743   0.02373        32       320    0.9979    0.9967    0.9955     0.899  0.009622   0.00259 0.0005507
     48/99     3.65G   0.01702  0.006138  0.000635   0.02379        37       320     0.999    0.9984    0.9956    0.9268  0.009682  0.002542 0.0004116
     49/99     3.65G   0.01639  0.005853 0.0006864   0.02293        34       320    0.9999    0.9951    0.9956    0.9197  0.009512  0.002446 0.0005686
     50/99     3.65G   0.01592  0.005628 0.0006715   0.02222        29       320    0.9999    0.9951    0.9956    0.9404  0.008451  0.002422 0.0005525
     51/99     3.65G   0.01522  0.005536 0.0006995   0.02146        28       320     0.999    0.9967    0.9955    0.9339  0.008115   0.00238 0.0005324
     52/99     3.65G   0.01599  0.005875 0.0007335    0.0226        40       320    0.9999    0.9951    0.9954    0.8998  0.009357  0.002515 0.0005138
     53/99     3.65G   0.01542  0.005756 0.0007593   0.02194        36       320         1    0.9951    0.9954    0.9199  0.009005  0.002376 0.0005634
     54/99     3.65G   0.01535  0.005798 0.0007021   0.02185        49       320    0.9996    0.9967    0.9957    0.9108  0.009165  0.002351  0.000412
     55/99     3.65G   0.01479  0.005679 0.0005705   0.02104        43       320    0.9996    0.9951    0.9956    0.9307  0.008503  0.002393 0.0004696
     56/99     3.65G   0.01369  0.005414 0.0006452   0.01975        40       320    0.9999    0.9951    0.9957    0.9378  0.008098  0.002325 0.0004831
     57/99     3.65G   0.01457  0.005681 0.0005377   0.02078        45       320    0.9999    0.9951    0.9957    0.9385  0.008613  0.002341 0.0004062
     58/99     3.65G   0.01333  0.005282 0.0006558   0.01927        31       320    0.9999    0.9951    0.9958    0.9529  0.007539  0.002256  0.000541
     59/99     3.65G   0.01398  0.005291 0.0006505   0.01992        41       320    0.9999    0.9951    0.9957    0.9432  0.007797  0.002248 0.0004014
     60/99     3.65G   0.01251   0.00506 0.0005884   0.01816        34       320    0.9987    0.9967    0.9958     0.938  0.007396  0.002119 0.0004498
     61/99     3.65G   0.01268  0.005299 0.0005843   0.01856        35       320    0.9999    0.9951     0.996     0.956  0.007549  0.002171 0.0004743
     62/99     3.65G   0.01363  0.005187 0.0005317   0.01934        35       320    0.9999    0.9951    0.9957      0.95  0.007465  0.002202 0.0003597
     63/99     3.65G   0.01263  0.005167 0.0005266   0.01832        37       320    0.9995    0.9967    0.9959    0.9501  0.007214   0.00208 0.0004703
     64/99     3.65G   0.01217  0.005022 0.0005444   0.01774        48       320    0.9996    0.9967    0.9959    0.9672  0.006572  0.002026 0.0003838
     65/99     3.65G   0.01191  0.004984 0.0004423   0.01734        52       320    0.9993    0.9967    0.9958    0.9565  0.006773  0.002071 0.0003936
     66/99     3.65G   0.01187  0.004902 0.0005258    0.0173        43       320    0.9999    0.9951    0.9959    0.9613  0.006718  0.002046 0.0004268
     67/99     3.65G   0.01169  0.004753 0.0004774   0.01692        33       320         1    0.9951    0.9959    0.9675  0.006193  0.002037 0.0003792
     68/99     3.65G   0.01146  0.004683 0.0005181   0.01666        28       320    0.9987    0.9984    0.9959    0.9705   0.00635  0.002006 0.0003801
     69/99     3.65G   0.01183  0.005054 0.0004613   0.01734        32       320    0.9999    0.9951     0.996    0.9639  0.006339  0.002038 0.0003188
     70/99     3.65G   0.01088   0.00483 0.0005305   0.01624        28       320         1    0.9951    0.9959    0.9632  0.006466  0.002023 0.0004645
     71/99     3.65G   0.01119  0.004792  0.000522    0.0165        51       320    0.9996    0.9967    0.9959     0.976  0.005819  0.001914 0.0003495
     72/99     3.65G   0.01109  0.004721 0.0003884    0.0162        36       320    0.9996    0.9967    0.9961    0.9644  0.006108  0.001919 0.0002807
     73/99     3.65G   0.01038  0.004576 0.0004073   0.01537        39       320    0.9999    0.9951     0.996    0.9717  0.005777  0.001866 0.0003138
     74/99     3.65G   0.01015  0.004593 0.0004639   0.01521        38       320    0.9994    0.9967    0.9961    0.9778  0.005586   0.00184 0.0003607
     75/99     3.65G  0.009775  0.004435 0.0004087   0.01462        35       320    0.9996    0.9967     0.996    0.9728  0.005956  0.001882 0.0002958
     76/99     3.65G   0.00994  0.004562 0.0003569   0.01486        35       320    0.9999    0.9967     0.996    0.9674   0.00578  0.001829 0.0003005
     77/99     3.65G  0.009901  0.004514 0.0004247   0.01484        36       320    0.9998    0.9967    0.9961    0.9816  0.005356  0.001769 0.0003308
     78/99     3.65G   0.01031  0.004572 0.0003859   0.01527        32       320     0.999    0.9967     0.996    0.9787  0.005547  0.001833 0.0002645
     79/99     3.65G  0.009718  0.004361 0.0003792   0.01446        38       320    0.9999    0.9967    0.9962    0.9747  0.005968   0.00178 0.0002693
     80/99     3.65G   0.00942  0.004304 0.0004155   0.01414        27       320         1    0.9967     0.996    0.9812  0.005299  0.001739 0.0002985
     81/99     3.65G  0.009646  0.004599 0.0003745   0.01462        44       320         1    0.9952    0.9962    0.9801  0.005259  0.001819 0.0002675
     82/99     3.65G  0.009229  0.004171 0.0003555   0.01376        29       320         1    0.9967    0.9962    0.9817  0.005283    0.0017 0.0002634
     83/99     3.65G  0.008921  0.004372  0.000385   0.01368        34       320         1    0.9967    0.9963    0.9835  0.005171  0.001663 0.0002811
     84/99     3.65G  0.008882  0.004114 0.0003661   0.01336        43       320    0.9999    0.9967    0.9962    0.9821  0.005271  0.001667 0.0002822
     85/99     3.65G  0.009114  0.004396 0.0003219   0.01383        28       320    0.9999    0.9967    0.9961    0.9853  0.005306  0.001669 0.0002415
     86/99     3.65G  0.008881   0.00435 0.0002986   0.01353        29       320    0.9999    0.9967    0.9962     0.985  0.005065  0.001676 0.0002161
     87/99     3.65G  0.008745  0.004098 0.0003276   0.01317        47       320    0.9999    0.9967    0.9964    0.9842  0.004997  0.001647  0.000236
     88/99     3.65G  0.008635   0.00413 0.0003449   0.01311        35       320    0.9998    0.9967    0.9963    0.9795  0.005017  0.001672 0.0002345
     89/99     3.65G  0.008412  0.004311 0.0003529   0.01308        31       320    0.9999    0.9951    0.9963    0.9826  0.004912  0.001668 0.0002209
     90/99     3.65G  0.008911  0.004194 0.0003169   0.01342        36       320         1    0.9951    0.9963    0.9813  0.005176  0.001759 0.0002185
     91/99     3.65G   0.00834  0.003906 0.0003087   0.01255        31       320         1    0.9951    0.9963    0.9837  0.004972  0.001718 0.0002166
     92/99     3.65G  0.008495  0.004176 0.0003438   0.01301        38       320    0.9998    0.9951    0.9962    0.9815  0.005043  0.001705 0.0002179
     93/99     3.65G  0.008251  0.004082  0.000294   0.01263        34       320         1    0.9951    0.9963    0.9838  0.004994  0.001683 0.0002059
     94/99     3.65G  0.008263  0.004018 0.0002865   0.01257        31       320         1    0.9951    0.9963    0.9825  0.004855  0.001651 0.0002223
     95/99     3.65G  0.008224  0.003921  0.000304   0.01245        36       320    0.9986    0.9984    0.9963    0.9838  0.004816  0.001602 0.0002221
     96/99     3.65G  0.008138  0.003912 0.0003282   0.01238        49       320    0.9973    0.9984     0.996    0.9845  0.004766  0.001574 0.0002154
     97/99     3.65G  0.008108  0.003985 0.0002614   0.01235        32       320    0.9995    0.9984    0.9964    0.9863  0.004847  0.001576 0.0001936
     98/99     3.65G  0.008164  0.004058 0.0002732    0.0125        44       320    0.9989    0.9984    0.9964    0.9844  0.004834  0.001572 0.0001876
     99/99     3.65G  0.008134  0.003816 0.0002764   0.01223        29       320    0.9996    0.9967    0.9963    0.9867  0.004632  0.001562 0.0002007
